0
2
3
4
5
6
7
8
9
10
11
15
17
18
19
20
21
24
25
26
28
29
30
31
32
34
35
36
38
42
43
44
45
47
48
49
50
51
52
53
54
55
56
57
58
60
61
65
66
67
68
69
72
74
76
77
78
79
81
83
85
86
87
88
89
90
92
94
96
98
99
100
102
104
105
106
107
108
109
110
112
113
114
115
116
117
121
123
124
125
128
129
130
131
132
134
135
136
137
139
140
141
144
146
147
148
151
152
154
155
156
158
159
160
161
163
164
166
167
168
169
170
171
172
175
176
177
178
180
181
182
183
185
186
187
190
192
196
197
198
200
201
202
203
205
206
207
210
211
212
213
214
216
217
218
219
221
222
228
229
230
231
232
233
234
235
236
237
238
239
240
242
243
246
250
251
252
253
254
255
257
258
259
260
261
262
263
264
267
268
269
270
271
272
273
274
275
276
278
279
280
283
284
285
286
289
290
291
292
293
295
296
299
300
301
302
303
304
305
306
307
309
311
312
313
314
315
316
319
320
321
322
325
326
328
329
330
331
334
335
336
337
339
342
344
345
346
347
348
349
351
352
353
354
355
356
357
359
361
363
364
368
369
370
371
372
373
374
375
376
377
378
381
382
383
384
385
386
387
388
389
390
391
392
393
395
396
398
399
401
402
403
404
405
406
407
409
410
411
412
413
415
416
417
418
420
421
422
423
424
425
426
427
428
431
432
433
434
437
438
439
440
441
442
443
445
447
448
449
450
451
454
456
457
459
460
462
463
464
465
466
467
469
470
471
472
473
474
475
476
477
479
480
484
485
486
489
491
492
494
495
496
499
500
502
503
506
507
508
509
510
511
512
513
514
517
518
519
521
522
524
525
526
527
528
529
530
531
532
535
536
538
539
540
541
543
544
546
548
549
550
551
552
554
555
558
559
562
563
566
567
568
569
570
571
572
575
576
577
578
579
580
584
585
586
588
590
591
592
594
595
596
598
599
600
602
605
606
607
608
609
612
613
614
615
618
619
621
622
623
628
629
630
631
632
634
636
637
638
639
641
642
643
644
646
647
651
652
653
654
657
658
659
660
661
663
665
666
667
668
669
670
671
674
675
677
678
679
680
682
683
685
686
687
690
691
693
694
698
701
702
703
704
705
706
708
709
710
711
712
713
715
718
719
721
724
725
726
728
729
730
731
732
733
734
737
738
739
740
741
742
743
745
746
748
750
752
753
754
755
756
757
758
759
760
761
762
763
764
766
767
768
769
770
771
772
774
777
778
779
780
781
782
783
786
787
789
790
792
793
794
795
796
797
798
799
800
804
806
807
809
810
811
814
815
816
820
823
825
826
827
828
830
832
833
836
837
838
840
842
846
848
850
851
852
853
854
855
856
858
861
863
865
867
869
871
873
874
875
876
877
878
880
881
882
884
887
890
892
894
895
899
902
903
904
907
912
915
916
918
919
922
924
925
927
928
930
932
933
935
936
938
941
942
943
944
945
946
947
948
949
950
951
952
953
954
955
959
960
961
962
963
964
965
966
967
968
969
970
972
973
974
975
976
980
981
982
983
985
987
992
993
994
995
996
997
998
999
1000
1001
1002
1004
1005
1007
1009
1010
1011
1012
1013
1014
1015
1016
1017
1019
